-11.202692|17.873887
12.238333|-1.561593
-3.373056|29.918886
9.30769|2.315834
-22.328474|24.684866
-4.038333|21.758664
6.611111|20.939444
-0.228021|15.827659
7.539989|-5.54708
7.369722|12.354722
16.002082|-24.013197
11.825138|42.590275
28.033886|1.659626
26.820553|30.802498
24.215527|-12.885834
15.179384|39.782334
9.145|40.489673
-0.803689|11.609444
7.946527|-1.023194
13.443182|-15.310139
9.945587|-9.696645
1.650801|10.267895
11.803749|-15.180413
-0.023559|37.906193
-11.875001|43.872219
6.428055|-9.429499
-29.609988|28.233608
26.3351|17.228331
31.791702|-7.09262
-18.766947|46.869107
17.570692|-3.996166
14.641528|-61.024174
21.00789|-10.940835
35.937496|14.375416
-20.348404|57.552152
-13.254308|34.301525
-18.665695|35.529562
-22.95764|18.49041
17.607789|8.081666
-21.115141|55.536384
-1.940278|29.873888
12.862807|30.217636
8.460555|-11.779889
14.497401|-14.452362
5.152149|46.199616
0.18636|6.613081
-26.522503|31.465866
15.454166|18.732207
8.619543|0.824782
33.886917|9.537499
-6.369028|34.888822
1.373333|32.290275
-12.8275|45.166244
-30.559482|22.937506
-13.133897|27.849332
-19.015438|29.154857
23.424076|53.847818
33.93911|67.709953
40.069099|45.038189
40.143105|47.576927
23.684994|90.356331
25.930414|50.637772
4.535277|114.727669
27.514162|90.433601
35.86166|104.195397
42.315407|43.356892
31.354676|34.308825
22.396428|114.109497
31.046051|34.851612
20.593684|78.96288
33.223191|43.679291
32.427908|53.688046
30.585164|36.238414
36.204824|138.252924
41.20438|74.766098
12.565679|104.990963
40.339852|127.510093
35.907757|127.766922
29.31166|47.481766
48.019573|66.923684
19.85627|102.495496
33.854721|35.862285
7.873054|80.771797
47.411631|28.369885
21.913965|95.956223
46.862496|103.846656
22.198745|113.543873
3.202778|73.22068
4.210484|101.975766
28.394857|84.124008
21.512583|55.923255
30.375321|69.345116
31.952162|35.233154
25.354826|51.183884
61.52401|105.318756
23.885942|45.079162
-4.679574|55.491977
1.352083|103.819836
34.802075|38.996815
15.870032|100.992541
38.861034|71.276093
38.969719|59.556278
38.963745|35.243322
41.377491|64.585262
14.058324|108.277199
15.552727|48.516388
-14.270972|-170.132217
-25.274398|133.775136
-12.164165|96.870956
-21.236736|-159.777671
-10.447525|105.690449
-16.578193|179.414413
7.425554|150.550812
13.444304|144.793731
-0.789275|113.921327
-3.370417|-168.734039
7.131474|171.184478
17.33083|145.38469
-20.904305|165.618042
-29.040835|167.954712
-0.522778|166.931503
-19.054445|-169.867233
-40.900557|174.885971
-17.679742|-149.406843
-6.314993|143.95555
12.879721|121.774017
7.51498|134.58252
-9.64571|160.156194
21.694025|-71.797928
-8.967363|-171.855881
-8.874217|125.727539
-21.178986|-175.198242
-7.109535|177.64933
-15.376706|166.959158
-13.768752|-177.156097
-13.759029|-172.104629
42.546245|1.601554
41.153332|20.168331
47.516231|14.550072
43.915886|17.679076
50.503887|4.469936
42.733883|25.48583
53.709807|27.953389
46.818188|8.227512
35.126413|33.429859
49.817492|15.472962
51.165691|10.451526
56.26392|9.501785
58.595272|25.013607
40.463667|-3.74922
61.92411|25.748151
61.892635|-6.911806
46.227638|2.213749
55.378051|-3.435973
49.465691|-2.585278
36.137741|-5.345374
71.706936|-42.604303
39.074208|21.824312
45.1|15.2
47.162494|19.503304
53.41291|-8.24389
54.236107|-4.548056
64.963051|-19.020835
41.87194|12.56738
49.214439|-2.13125
47.166|9.555373
55.169438|23.881275
49.815273|6.129583
56.879635|24.603189
43.750298|7.412841
42.708678|19.37439
41.608635|21.745275
52.132633|5.291266
60.472024|8.468946
51.919438|19.145136
39.399872|-8.224454
45.943161|24.96676
44.016521|21.005859
60.128161|18.643501
46.151241|14.995463
77.553604|23.670272
48.669026|19.699024
43.94236|12.457777
48.379433|31.16558
41.902916|12.453389
42.602636|20.902977
56.130366|-106.346771
23.634501|-102.552784
46.941936|-56.27111
37.09024|-95.712891
17.060816|-61.796428
18.220554|-63.068615
12.226079|-69.060087
12.52111|-69.968338
13.193887|-59.543198
32.321384|-64.75737
25.03428|-77.39628
17.189877|-88.49765
9.748917|-83.753428
21.521757|-77.781167
15.414999|-61.370976
18.735693|-70.162651
12.262776|-61.604171
16.995971|-62.067641
15.783471|-90.230759
15.199999|-86.241905
18.971187|-72.285215
18.109581|-77.297508
17.357822|-62.782998
19.513469|-80.566956
13.909444|-60.978893
16.742498|-62.187366
12.865416|-85.207229
8.537981|-80.782127
18.220833|-66.590149
13.794185|-88.89653
10.691803|-61.222503
12.984305|-61.287228
18.420695|-64.639968
18.335765|-64.896335
-38.416097|-63.616672
-16.290154|-63.588653
-14.235004|-51.92528
-35.675147|-71.542969
4.570868|-74.297333
-1.831239|-78.183406
-51.796253|-59.523613
3.933889|-53.125782
4.860416|-58.93018
-9.189967|-75.015152
3.919305|-56.027783
-32.522779|-55.765835
6.42375|-66.58973